{
 "cells": [
  {
   "cell_type": "code",
   "execution_count": 1,
   "metadata": {},
   "outputs": [],
   "source": [
    "import numpy as np\n",
    "from numpy import cos, sin\n",
    "from numpy import sqrt\n",
    "import time\n",
    "from scipy.sparse.linalg import expm\n",
    "import pandas as pd\n",
    "\n",
    "label_size = 20\n",
    "\n",
    "\n",
    "# In[2]:\n",
    "\n",
    "\n",
    "\n",
    "import numpy as np\n",
    "#from google.colab import files\n",
    "\n",
    "\"\"\"In order to provide a better presentation of the graphs we use the rcParams options shown below.\"\"\"\n",
    "\n",
    "\n",
    "from numpy import cos, sin\n",
    "\n",
    "label_size = 20\n",
    "\n",
    "from numpy import sqrt\n",
    "\n",
    "import time\n",
    "from numpy import sin, cos\n",
    "\n",
    "T0=time.time()\n",
    "\n",
    "\n",
    "# In[3]:\n",
    "\n",
    "\n",
    "\n",
    "from numpy import random, zeros, sqrt,cos,sin\n",
    "\n",
    "import numpy as np\n",
    "\n",
    "import numbers\n",
    "\n",
    "from numpy import sqrt, zeros, diag, random, real, array, complex_, transpose, conjugate, exp, matmul, real\n",
    "\n",
    "\n",
    "\n",
    "from scipy.linalg import norm\n",
    "from numpy import dot\n",
    "\n",
    "from numpy import pi as pi\n",
    "from numpy import array\n",
    "\n",
    "import scipy\n",
    "\n",
    "from numpy import exp, imag, real,zeros, conj\n",
    "from numpy import sum\n",
    "from scipy import sparse\n",
    "from numpy import array\n",
    "import scipy.sparse as sp\n",
    "from numpy import concatenate\n",
    "\n",
    "from scipy.sparse import csr_matrix\n",
    "from numpy import sqrt, dot\n",
    "from numpy.random import choice\n",
    "from numpy.random import normal\n",
    "from numpy import sqrt\n",
    "\n",
    "\n",
    "from numpy import add\n",
    "from numpy import concatenate\n",
    "from scipy.sparse import coo_matrix\n",
    "\n",
    "from scipy.sparse import kron\n",
    "\n",
    "#t0=time.time()\n",
    "\n",
    "import numpy as np\n",
    "import pandas as pd\n",
    "from mpl_toolkits import mplot3d\n",
    "import numpy as np\n",
    "from scipy.sparse import kron\n",
    "from scipy.sparse import coo_matrix, identity\n",
    "\n",
    "\n",
    "\n",
    "# \\begin{align}\n",
    "# \\hat{H}_{{\\rm MACE}}^{i} & =\\sum_{k\\in C_{i}}B_{Q}\\hat{s}_{z,k}^{2}+\\sum_{\\substack{j,k\\in C_{i},\\\\\n",
    "# j<k\n",
    "# }\n",
    "# }V_{jk}\\left(\\hat{s}_{z,j}\\hat{s}_{z,k}-\\frac{1}{2}\\left(\\hat{s}_{x,j}\\hat{s}_{x,k}+\\hat{s}_{y,j}\\hat{s}_{y,k}\\right)\\right).\n",
    "# \\end{align}\n",
    "# \n",
    "\n",
    "# # Parameters\n",
    "#Vij_p=array(pd.read_csv('Vij.csv', header=None))\n",
    "\n",
    "\n",
    "# In[4]:"
   ]
  },
  {
   "cell_type": "code",
   "execution_count": 2,
   "metadata": {},
   "outputs": [
    {
     "data": {
      "text/plain": [
       "0.0"
      ]
     },
     "execution_count": 2,
     "metadata": {},
     "output_type": "execute_result"
    }
   ],
   "source": [
    "0.0000000e+00"
   ]
  },
  {
   "cell_type": "code",
   "execution_count": 3,
   "metadata": {},
   "outputs": [],
   "source": [
    "Vij_p=array([[0.0000000e+00,-1.1726507e+00, 9.7780472e-01,-2.2739504e-01, 1.2222559e-01, 2.8499205e-02],\n",
    "[-1.1726507e+00, 0.0000000e+00,-8.3063010e-02, 9.7780472e-01, 2.9999531e-02, 1.2222559e-01],\n",
    "[ 9.7780472e-01,-8.3063010e-02, 0.0000000e+00,-1.1726507e+00, 9.7780472e-01,-2.2739504e-01],\n",
    "[-2.2739504e-01, 9.7780472e-01,-1.1726507e+00, 0.0000000e+00,-8.3063010e-02, 9.7780472e-01],\n",
    "[ 1.2222559e-01, 2.9999531e-02, 9.7780472e-01,-8.3063010e-02, 0.0000000e+00,-1.1726507e+00],\n",
    "[ 2.8499205e-02, 1.2222559e-01,-2.2739504e-01, 9.7780472e-01,-1.1726507e+00, 0.0000000e+00]])\n"
   ]
  },
  {
   "cell_type": "code",
   "execution_count": null,
   "metadata": {},
   "outputs": [],
   "source": []
  },
  {
   "cell_type": "code",
   "execution_count": null,
   "metadata": {},
   "outputs": [],
   "source": []
  },
  {
   "cell_type": "code",
   "execution_count": 4,
   "metadata": {},
   "outputs": [
    {
     "data": {
      "text/plain": [
       "array([[ 0.        , -1.1726507 ,  0.97780472, -0.22739504,  0.12222559,\n",
       "         0.0284992 ],\n",
       "       [-1.1726507 ,  0.        , -0.08306301,  0.97780472,  0.02999953,\n",
       "         0.12222559],\n",
       "       [ 0.97780472, -0.08306301,  0.        , -1.1726507 ,  0.97780472,\n",
       "        -0.22739504],\n",
       "       [-0.22739504,  0.97780472, -1.1726507 ,  0.        , -0.08306301,\n",
       "         0.97780472],\n",
       "       [ 0.12222559,  0.02999953,  0.97780472, -0.08306301,  0.        ,\n",
       "        -1.1726507 ],\n",
       "       [ 0.0284992 ,  0.12222559, -0.22739504,  0.97780472, -1.1726507 ,\n",
       "         0.        ]])"
      ]
     },
     "execution_count": 4,
     "metadata": {},
     "output_type": "execute_result"
    }
   ],
   "source": [
    "Vij_p"
   ]
  },
  {
   "cell_type": "code",
   "execution_count": 5,
   "metadata": {},
   "outputs": [],
   "source": [
    "#df = pd.read_csv('EdwinVij_7x3x7_obc.dat', sep=\",\", header=None)"
   ]
  },
  {
   "cell_type": "code",
   "execution_count": 6,
   "metadata": {},
   "outputs": [],
   "source": [
    "import numpy as np\n",
    "\n",
    "#x = np.fromfile('EdwinVij_7x3x7_obc.dat')"
   ]
  },
  {
   "cell_type": "code",
   "execution_count": null,
   "metadata": {},
   "outputs": [],
   "source": []
  },
  {
   "cell_type": "code",
   "execution_count": 7,
   "metadata": {},
   "outputs": [],
   "source": [
    "Vij_p=array([[0.0000000e+00,-1.1726507e+00, 9.7780472e-01,-2.2739504e-01, 1.2222559e-01, 2.8499205e-02],\n",
    "[-1.1726507e+00, 0.0000000e+00,-8.3063010e-02, 9.7780472e-01, 2.9999531e-02, 1.2222559e-01],\n",
    "[ 9.7780472e-01,-8.3063010e-02, 0.0000000e+00,-1.1726507e+00, 9.7780472e-01,-2.2739504e-01],\n",
    "[-2.2739504e-01, 9.7780472e-01,-1.1726507e+00, 0.0000000e+00,-8.3063010e-02, 9.7780472e-01],\n",
    "[ 1.2222559e-01, 2.9999531e-02, 9.7780472e-01,-8.3063010e-02, 0.0000000e+00,-1.1726507e+00],\n",
    "[ 2.8499205e-02, 1.2222559e-01,-2.2739504e-01, 9.7780472e-01,-1.1726507e+00, 0.0000000e+00]])\n"
   ]
  },
  {
   "cell_type": "code",
   "execution_count": 8,
   "metadata": {},
   "outputs": [],
   "source": [
    "Vij_p=array([[0.0000000e+00,-1.1726507e+00, 9.7780472e-01],\n",
    "[-1.1726507e+00, 0.0000000e+00,-8.3063010e-02],\n",
    "[ 9.7780472e-01,-8.3063010e-02, 0.0000000e+00]])"
   ]
  },
  {
   "cell_type": "code",
   "execution_count": null,
   "metadata": {},
   "outputs": [],
   "source": []
  },
  {
   "cell_type": "code",
   "execution_count": 9,
   "metadata": {},
   "outputs": [],
   "source": [
    "Vij_p=array([[0.0000000e+00,-1.1726507e+00, 9.7780472e-01,-2.2739504e-01, 1.2222559e-01, 2.8499205e-02],\n",
    "[-1.1726507e+00, 0.0000000e+00,-8.3063010e-02, 9.7780472e-01, 2.9999531e-02, 1.2222559e-01],\n",
    "[ 9.7780472e-01,-8.3063010e-02, 0.0000000e+00,-1.1726507e+00, 9.7780472e-01,-2.2739504e-01],\n",
    "[-2.2739504e-01, 9.7780472e-01,-1.1726507e+00, 0.0000000e+00,-8.3063010e-02, 9.7780472e-01],\n",
    "[ 1.2222559e-01, 2.9999531e-02, 9.7780472e-01,-8.3063010e-02, 0.0000000e+00,-1.1726507e+00],\n",
    "[ 2.8499205e-02, 1.2222559e-01,-2.2739504e-01, 9.7780472e-01,-1.1726507e+00, 0.0000000e+00]])\n"
   ]
  },
  {
   "cell_type": "code",
   "execution_count": 10,
   "metadata": {},
   "outputs": [],
   "source": [
    "Vij_p=array([[0.0000000e+00,-1.1726507e+00],\n",
    "[-1.1726507e+00, 0.0000000e+00]])"
   ]
  },
  {
   "cell_type": "code",
   "execution_count": null,
   "metadata": {},
   "outputs": [],
   "source": []
  },
  {
   "cell_type": "code",
   "execution_count": 11,
   "metadata": {},
   "outputs": [],
   "source": [
    "Vij_p=array([[0.0000000e+00,-1.1726507e+00, 9.7780472e-01],\n",
    "[-1.1726507e+00, 0.0000000e+00,-8.3063010e-02],\n",
    "[ 9.7780472e-01,-8.3063010e-02, 0.0000000e+00]])"
   ]
  },
  {
   "cell_type": "code",
   "execution_count": 12,
   "metadata": {},
   "outputs": [],
   "source": [
    "\n",
    "Vij_p=array([[0.0000000e+00,-1.1726507e+00],\n",
    "[-1.1726507e+00, 0.0000000e+00]])"
   ]
  },
  {
   "cell_type": "code",
   "execution_count": null,
   "metadata": {},
   "outputs": [],
   "source": []
  },
  {
   "cell_type": "code",
   "execution_count": 13,
   "metadata": {},
   "outputs": [],
   "source": [
    "Vij_p=array([[0.0000000e+00,-1.1726507e+00, 9.7780472e-01],\n",
    "[-1.1726507e+00, 0.0000000e+00,-8.3063010e-02],\n",
    "[ 9.7780472e-01,-8.3063010e-02, 0.0000000e+00]])"
   ]
  },
  {
   "cell_type": "code",
   "execution_count": 14,
   "metadata": {},
   "outputs": [],
   "source": [
    "Vij_p=array([[0.0000000e+00,-1.1726507e+00, 9.7780472e-01,-2.2739504e-01, 1.2222559e-01, 2.8499205e-02],\n",
    "[-1.1726507e+00, 0.0000000e+00,-8.3063010e-02, 9.7780472e-01, 2.9999531e-02, 1.2222559e-01],\n",
    "[ 9.7780472e-01,-8.3063010e-02, 0.0000000e+00,-1.1726507e+00, 9.7780472e-01,-2.2739504e-01],\n",
    "[-2.2739504e-01, 9.7780472e-01,-1.1726507e+00, 0.0000000e+00,-8.3063010e-02, 9.7780472e-01],\n",
    "[ 1.2222559e-01, 2.9999531e-02, 9.7780472e-01,-8.3063010e-02, 0.0000000e+00,-1.1726507e+00],\n",
    "[ 2.8499205e-02, 1.2222559e-01,-2.2739504e-01, 9.7780472e-01,-1.1726507e+00, 0.0000000e+00]])\n"
   ]
  },
  {
   "cell_type": "code",
   "execution_count": null,
   "metadata": {},
   "outputs": [],
   "source": []
  },
  {
   "cell_type": "code",
   "execution_count": 15,
   "metadata": {},
   "outputs": [],
   "source": [
    "Vij_p=array([[0.0000000e+00,-1.1726507e+00, 9.7780472e-01],\n",
    "[-1.1726507e+00, 0.0000000e+00,-8.3063010e-02],\n",
    "[ 9.7780472e-01,-8.3063010e-02, 0.0000000e+00]])\n",
    "\n",
    "\n",
    "Vij_p=array([[0.0000000e+00,-1.1726507e+00, 9.7780472e-01,-2.2739504e-01, 1.2222559e-01, 2.8499205e-02],\n",
    "[-1.1726507e+00, 0.0000000e+00,-8.3063010e-02, 9.7780472e-01, 2.9999531e-02, 1.2222559e-01],\n",
    "[ 9.7780472e-01,-8.3063010e-02, 0.0000000e+00,-1.1726507e+00, 9.7780472e-01,-2.2739504e-01],\n",
    "[-2.2739504e-01, 9.7780472e-01,-1.1726507e+00, 0.0000000e+00,-8.3063010e-02, 9.7780472e-01],\n",
    "[ 1.2222559e-01, 2.9999531e-02, 9.7780472e-01,-8.3063010e-02, 0.0000000e+00,-1.1726507e+00],\n",
    "[ 2.8499205e-02, 1.2222559e-01,-2.2739504e-01, 9.7780472e-01,-1.1726507e+00, 0.0000000e+00]])\n",
    "\n",
    "\n",
    "\n",
    "Vij_p=array([[0.0000000e+00,-1.1726507e+00],\n",
    "[-1.1726507e+00, 0.0000000e+00]])\n",
    "\n",
    "\n",
    "Vij_p=array([[0.0000000e+00,-1.1726507e+00, 9.7780472e-01],\n",
    "[-1.1726507e+00, 0.0000000e+00,-8.3063010e-02],\n",
    "[ 9.7780472e-01,-8.3063010e-02, 0.0000000e+00]])\n",
    "\n",
    "\n",
    "Vij_p=array([[0.0000000e+00,-1.1726507e+00, 9.7780472e-01,-2.2739504e-01, 1.2222559e-01, 2.8499205e-02],\n",
    "[-1.1726507e+00, 0.0000000e+00,-8.3063010e-02, 9.7780472e-01, 2.9999531e-02, 1.2222559e-01],\n",
    "[ 9.7780472e-01,-8.3063010e-02, 0.0000000e+00,-1.1726507e+00, 9.7780472e-01,-2.2739504e-01],\n",
    "[-2.2739504e-01, 9.7780472e-01,-1.1726507e+00, 0.0000000e+00,-8.3063010e-02, 9.7780472e-01],\n",
    "[ 1.2222559e-01, 2.9999531e-02, 9.7780472e-01,-8.3063010e-02, 0.0000000e+00,-1.1726507e+00],\n",
    "[ 2.8499205e-02, 1.2222559e-01,-2.2739504e-01, 9.7780472e-01,-1.1726507e+00, 0.0000000e+00]])\n",
    "\n",
    "\n",
    "Vij_p=array([[0.0000000e+00,-1.1726507e+00, 9.7780472e-01],\n",
    "[-1.1726507e+00, 0.0000000e+00,-8.3063010e-02],\n",
    "[ 9.7780472e-01,-8.3063010e-02, 0.0000000e+00]])\n",
    "\n",
    "\n",
    "\n",
    "Vij_p=array([[0.0000000e+00,-1.1726507e+00, 9.7780472e-01,-2.2739504e-01, 1.2222559e-01, 2.8499205e-02],\n",
    "[-1.1726507e+00, 0.0000000e+00,-8.3063010e-02, 9.7780472e-01, 2.9999531e-02, 1.2222559e-01],\n",
    "[ 9.7780472e-01,-8.3063010e-02, 0.0000000e+00,-1.1726507e+00, 9.7780472e-01,-2.2739504e-01],\n",
    "[-2.2739504e-01, 9.7780472e-01,-1.1726507e+00, 0.0000000e+00,-8.3063010e-02, 9.7780472e-01],\n",
    "[ 1.2222559e-01, 2.9999531e-02, 9.7780472e-01,-8.3063010e-02, 0.0000000e+00,-1.1726507e+00],\n",
    "[ 2.8499205e-02, 1.2222559e-01,-2.2739504e-01, 9.7780472e-01,-1.1726507e+00, 0.0000000e+00]])\n"
   ]
  },
  {
   "cell_type": "code",
   "execution_count": null,
   "metadata": {},
   "outputs": [],
   "source": []
  },
  {
   "cell_type": "code",
   "execution_count": 16,
   "metadata": {},
   "outputs": [],
   "source": [
    "\n",
    "df = pd.read_csv('EdwinVij_7x3x7_obc.dat', sep='\\s+|\\s+',engine='python',header=None)\n",
    "#df.to_csv('EdwinVij_7x3x7_obc.csv', index=None)\n",
    "Vij_p=np.zeros((147,147))\n",
    "\n",
    "for i_ in range(147):\n",
    "    for j_ in range(147):\n",
    "        \n",
    "        Vij_p[i_,j_]=df.iloc[i_,j_]\n",
    "        "
   ]
  },
  {
   "cell_type": "code",
   "execution_count": 17,
   "metadata": {},
   "outputs": [
    {
     "data": {
      "text/plain": [
       "(147, 147)"
      ]
     },
     "execution_count": 17,
     "metadata": {},
     "output_type": "execute_result"
    }
   ],
   "source": [
    "Vij_p.shape"
   ]
  },
  {
   "cell_type": "code",
   "execution_count": 18,
   "metadata": {},
   "outputs": [],
   "source": [
    "Vij_p=array([[ 0.        ,1.1726507 , -0.14658133, -1.1726507],\n",
    "       [1.1726507 ,  0.        , -1.1726507 , -0.74658133],\n",
    "       [-0.14658133, -1.1726507 ,  0.        , -1.1726507 ],\n",
    "       [-1.1726507 , -0.74658133, -1.1726507 ,  0.    ]])\n",
    "\n",
    "\n",
    "Vij_p=array([[0.0000000e+00,-1.1726507e+00, 9.7780472e-01,-2.2739504e-01, 1.2222559e-01, 2.8499205e-02],\n",
    "[-1.1726507e+00, 0.0000000e+00,-8.3063010e-02, 9.7780472e-01, 2.9999531e-02, 1.2222559e-01],\n",
    "[ 9.7780472e-01,-8.3063010e-02, 0.0000000e+00,-1.1726507e+00, 9.7780472e-01,-2.2739504e-01],\n",
    "[-2.2739504e-01, 9.7780472e-01,-1.1726507e+00, 0.0000000e+00,-8.3063010e-02, 9.7780472e-01],\n",
    "[ 1.2222559e-01, 2.9999531e-02, 9.7780472e-01,-8.3063010e-02, 0.0000000e+00,-1.1726507e+00],\n",
    "[ 2.8499205e-02, 1.2222559e-01,-2.2739504e-01, 9.7780472e-01,-1.1726507e+00, 0.0000000e+00]])\n"
   ]
  },
  {
   "cell_type": "code",
   "execution_count": null,
   "metadata": {},
   "outputs": [],
   "source": []
  },
  {
   "cell_type": "code",
   "execution_count": null,
   "metadata": {},
   "outputs": [],
   "source": []
  },
  {
   "cell_type": "code",
   "execution_count": 19,
   "metadata": {},
   "outputs": [],
   "source": [
    "\n",
    "df = pd.read_csv('EdwinVij_7x3x7_obc.dat', sep='\\s+|\\s+',engine='python',header=None)\n",
    "\n",
    "df.to_csv('EdwinVij_7x3x7_obc.csv', index=None)\n",
    "Vij_p=array(df)\n"
   ]
  },
  {
   "cell_type": "code",
   "execution_count": null,
   "metadata": {},
   "outputs": [],
   "source": []
  },
  {
   "cell_type": "code",
   "execution_count": 20,
   "metadata": {},
   "outputs": [],
   "source": [
    "N_atom=Vij_p.shape[0]"
   ]
  },
  {
   "cell_type": "code",
   "execution_count": null,
   "metadata": {},
   "outputs": [],
   "source": []
  },
  {
   "cell_type": "code",
   "execution_count": null,
   "metadata": {},
   "outputs": [],
   "source": []
  },
  {
   "cell_type": "code",
   "execution_count": null,
   "metadata": {},
   "outputs": [],
   "source": []
  },
  {
   "cell_type": "code",
   "execution_count": 21,
   "metadata": {},
   "outputs": [
    {
     "data": {
      "text/plain": [
       "192"
      ]
     },
     "execution_count": 21,
     "metadata": {},
     "output_type": "execute_result"
    }
   ],
   "source": [
    "# # Parameters\n",
    "Vij_p=array(pd.read_csv('Vij.csv', header=None))\n",
    "\n",
    "\n",
    "# In[4]:\n",
    "N_atom=Vij_p.shape[0]\n",
    "\n",
    "\n",
    "N_atom"
   ]
  },
  {
   "cell_type": "code",
   "execution_count": null,
   "metadata": {},
   "outputs": [],
   "source": []
  },
  {
   "cell_type": "code",
   "execution_count": 22,
   "metadata": {},
   "outputs": [],
   "source": [
    "\n",
    "# In[4]:\n",
    "N_atom=Vij_p.shape[0]\n"
   ]
  },
  {
   "cell_type": "code",
   "execution_count": 23,
   "metadata": {},
   "outputs": [
    {
     "data": {
      "text/plain": [
       "192"
      ]
     },
     "execution_count": 23,
     "metadata": {},
     "output_type": "execute_result"
    }
   ],
   "source": [
    "N_atom"
   ]
  },
  {
   "cell_type": "code",
   "execution_count": null,
   "metadata": {},
   "outputs": [],
   "source": []
  },
  {
   "cell_type": "code",
   "execution_count": null,
   "metadata": {},
   "outputs": [],
   "source": []
  },
  {
   "cell_type": "code",
   "execution_count": null,
   "metadata": {},
   "outputs": [],
   "source": []
  },
  {
   "cell_type": "code",
   "execution_count": null,
   "metadata": {},
   "outputs": [],
   "source": []
  },
  {
   "cell_type": "code",
   "execution_count": 24,
   "metadata": {},
   "outputs": [],
   "source": [
    "import random\n",
    "\n",
    "import numpy as np\n",
    "from numpy import sin, cos, sqrt\n",
    "\n",
    "\n",
    "from numpy import sqrt\n",
    "\n",
    "import time\n",
    "\n",
    "from scipy.stats import rv_discrete \n",
    "from numpy import zeros\n",
    "from numpy.random import choice"
   ]
  },
  {
   "cell_type": "code",
   "execution_count": 25,
   "metadata": {},
   "outputs": [],
   "source": [
    "matrix_upper = np.zeros((N_atom,N_atom))\n",
    "\n",
    "# loop through the upper diagonal and set all values to 1\n",
    "for i in range(N_atom):\n",
    "    for j in range(i+1, N_atom):\n",
    "        matrix_upper[i][j] = random.choice([-1, 1])\n",
    "\n",
    "\n",
    "\n",
    "#Parameters  (Check the units)\n",
    "\n",
    "B_Q= -1.8475#0.3988 # in Vdd units\n",
    "N_atom=Vij_p.shape[0]\n",
    "S_spin=3   #determine the number of Zeeman levels (2S+1)\n",
    "Levels=int(2*S_spin+1)\n",
    "Atom_cutoff=4\n",
    "\n",
    "#Array Vij will be provided by Sean, just we will play with a random Vij for testing that the code makes sense.\n",
    "#Mgen=np.random.rand(N_atom,N_atom)\n",
    "\n",
    "\n",
    "\n",
    "# In[5]:\n"
   ]
  },
  {
   "cell_type": "code",
   "execution_count": 26,
   "metadata": {},
   "outputs": [
    {
     "data": {
      "text/plain": [
       "192"
      ]
     },
     "execution_count": 26,
     "metadata": {},
     "output_type": "execute_result"
    }
   ],
   "source": [
    "N_atom"
   ]
  },
  {
   "cell_type": "code",
   "execution_count": null,
   "metadata": {},
   "outputs": [],
   "source": []
  },
  {
   "cell_type": "code",
   "execution_count": 27,
   "metadata": {},
   "outputs": [],
   "source": [
    "#IsingZ, if this variable is 0 then activates the Ising model as 2013 Hazzard.\n",
    "\n",
    "\n",
    "\n",
    "def Trajectory_TWA(B_Q= -1.8475,Atom_cutoff=2,S_spin=3,N_atom=Vij_p.shape[0],Perturb=1,TWA=1,IsingZ=1):\n",
    "    \n",
    "    import numpy as np\n",
    "    from numpy import sqrt\n",
    "    \n",
    "\n",
    "    matrix_random=np.zeros((N_atom,N_atom))\n",
    "    \n",
    "    \n",
    "    \n",
    "\n",
    "\n",
    "    for j in range(N_atom):\n",
    "        for v in range(j+1,N_atom):\n",
    "\n",
    "            #print(np.random.exponential(scale=abs(Vij_p[j,v]+1.1e-7), size=1)[0])\n",
    "\n",
    "            matrix_random[j,v]= np.random.normal(0,abs(Vij_p[j,v]+1e-7)**0.5,1)[0]\n",
    "\n",
    "    Vrand0=matrix_random\n",
    "\n",
    "    Vrand=(Vrand0+Vrand0.T) #/sqrt(N_atom)  \n",
    "    Vij=Vij_p +Vrand*Perturb    \n",
    "    \n",
    "    Levels=int(2*S_spin+1)\n",
    "\n",
    "    Vij=(Vij-np.diag(np.diag(Vij)))\n",
    "\n",
    "\n",
    "    # In[7]:\n",
    "\n",
    "\n",
    "    VijN=np.zeros((N_atom,N_atom))\n",
    "\n",
    "    for j in range(N_atom):\n",
    "\n",
    "        VijN[j]=Vij[j][:N_atom]\n",
    "        \n",
    "        \n",
    "    #print(Vij[0,1],\"here\")\n",
    "\n",
    "\n",
    "\n",
    "\n",
    "    # In[8]:\n",
    "\n",
    "\n",
    "    Vij=VijN\n",
    "    \n",
    "    #print(Vij[0,1],\"here\")\n",
    "\n",
    "\n",
    "\n",
    "    def index_Gij(arr,Atom_cutoff):\n",
    "\n",
    "        Ordered_N = list(np.argsort(arr)[::-1][:Atom_cutoff])\n",
    "\n",
    "        return Ordered_N\n",
    "\n",
    "    # Provides a list of lists with the arrays that belong to each cluster\n",
    "\n",
    "\n",
    "    Index_N=[]\n",
    "\n",
    "    Rem_iden=abs(Vij)\n",
    "\n",
    "\n",
    "    for j in range(Rem_iden.shape[0]):\n",
    "\n",
    "        test_list = list(Rem_iden[j])\n",
    "\n",
    "        Index_N.append( [j]+list(index_Gij(test_list,Atom_cutoff-1))  )\n",
    "\n",
    "\n",
    "    Val=-np.linspace(-S_spin,S_spin,int(2*S_spin+1))\n",
    "\n",
    "\n",
    "    Coord=np.linspace(0,2*S_spin,int(2*S_spin+1))\n",
    "\n",
    "    Sz_sp=sparse.coo_matrix((Val,(Coord,Coord)),shape=(int(2*S_spin+1),int(2*S_spin+1)),dtype=\"complex\") \n",
    "\n",
    "\n",
    "\n",
    "    # In[ ]:\n",
    "\n",
    "\n",
    "    #Define Splus\n",
    "\n",
    "    Val=[]\n",
    "\n",
    "\n",
    "    for j in range(1,int(2*S_spin)+1):\n",
    "\n",
    "        Val.append(sqrt((S_spin)*(S_spin+1)-(S_spin-j)*(S_spin+1-j)))\n",
    "\n",
    "\n",
    "    Coord=np.linspace(0,int(2*S_spin)-1,int(2*S_spin))    \n",
    "    Splu_sp=(sparse.coo_matrix((Val,(Coord,Coord+1)),shape=(int(2*S_spin)+1,int(2*S_spin)+1),dtype=\"complex\")) \n",
    "\n",
    "    Sx_sp=(Splu_sp+Splu_sp.T)/2\n",
    "    Sy_sp=(Splu_sp-Splu_sp.T)/(2j)\n",
    "\n",
    "\n",
    "\n",
    "\n",
    "    ## Check until here\n",
    "\n",
    "    #Initial state |S,-S>\n",
    "    Init_st=(sparse.coo_matrix(([1],([Levels-1],[0])),shape=(int(2*S_spin)+1,1),dtype=\"complex\")) \n",
    "\n",
    "\n",
    "\n",
    "    #Initial state |S,-S>\n",
    "\n",
    "\n",
    "\n",
    "    Init_st=(sparse.coo_matrix(([1],([Levels-1],[0])),shape=(int(2*S_spin)+1,1),dtype=\"complex\")) \n",
    "\n",
    "\n",
    "    #Theta_=np.pi/5\n",
    "    #Phi_=np.pi/3\n",
    "\n",
    "    #Init_st=sparse.coo_matrix(array([[np.cos(Theta_/2)],\n",
    "    #               [np.sin(Theta_/2)*exp(1j*Phi_)]]))\n",
    "\n",
    "\n",
    "    #Rotated initial state\n",
    "\n",
    "    theta_=np.pi/2\n",
    "\n",
    "    Init_st_rot=(expm(scipy.sparse.csc_matrix(-1j*(theta_)*Sy_sp))@Init_st)\n",
    "\n",
    "\n",
    "    Init_st_rot.toarray()\n",
    "\n",
    "    # Initial state\n",
    "\n",
    "\n",
    "\n",
    "    Eigen_sysX=scipy.linalg.eig(Sx_sp.toarray())\n",
    "    EigVectX=Eigen_sysX[1]\n",
    "    EigValX =real(Eigen_sysX[0])\n",
    "    Px=real((abs((Init_st_rot.toarray().reshape(int(2*S_spin)+1))@EigVectX))**2)\n",
    "\n",
    "    Eigen_sysY=scipy.linalg.eig(Sy_sp.toarray())\n",
    "    EigVectY=Eigen_sysY[1]\n",
    "    EigValY =real(Eigen_sysY[0])\n",
    "    Py=real((abs((Init_st_rot.toarray().reshape(int(2*S_spin)+1))@EigVectY))**2)\n",
    "\n",
    "    Eigen_sysZ=scipy.linalg.eig(Sz_sp.toarray())\n",
    "    EigVectZ=Eigen_sysZ[1]\n",
    "    EigValZ =real(Eigen_sysZ[0])\n",
    "    Pz=real((abs((Init_st_rot.toarray().reshape(int(2*S_spin)+1))@EigVectZ))**2)\n",
    "\n",
    "\n",
    "\n",
    "    def Initial_Values_GDTWA(N_atom=N_atom):\n",
    "\n",
    "        Xval=choice(EigValX, N_atom, p=Px)\n",
    "        Yval=choice(EigValY, N_atom, p=Py)\n",
    "        Zval=choice(EigValZ, N_atom, p=Pz)\n",
    "\n",
    "        Ordered_rand_val=zeros((N_atom,3))\n",
    "\n",
    "        for j in range(N_atom):\n",
    "\n",
    "            Ordered_rand_val[j][0]  =Xval[j]\n",
    "            Ordered_rand_val[j][1]  =Yval[j]\n",
    "            Ordered_rand_val[j][2]  =Zval[j]\n",
    "\n",
    "        return Ordered_rand_val+0j\n",
    "\n",
    "\n",
    "\n",
    "\n",
    "\n",
    "    Init_Values=Initial_Values_GDTWA()\n",
    "\n",
    "\n",
    "\n",
    "    Id_Spin=scipy.sparse.identity(Levels, dtype='complex')\n",
    "\n",
    "    Zero_Spin=0*Id_Spin\n",
    "\n",
    "\n",
    "    def Zeeman_Popul(m_s):\n",
    "\n",
    "        return sparse.coo_matrix(([1],([S_spin-m_s],[S_spin-m_s])),shape=(Levels,Levels),dtype=\"complex\")\n",
    "\n",
    "    ## Checked until here\n",
    "\n",
    "\n",
    "\n",
    "    Init_Total_rot=Init_st_rot\n",
    "\n",
    "\n",
    "\n",
    "\n",
    "    for j in range(Atom_cutoff-1):\n",
    "\n",
    "        Init_Total_rot=kron(Init_Total_rot,Init_st_rot)\n",
    "\n",
    "\n",
    "\n",
    "    Init_Total_rot=coo_matrix(Init_Total_rot)  #Initial state wavefunction\n",
    "\n",
    "\n",
    "    #Init_Total_rot.todense()\n",
    "\n",
    "\n",
    "\n",
    "\n",
    "    Iden_Tensor=coo_matrix(identity((Levels)**Atom_cutoff, dtype='complex'))\n",
    "    Zero_Tensor=0*Iden_Tensor\n",
    "\n",
    "\n",
    "\n",
    "\n",
    "    import functools as ft\n",
    "    from functools import reduce\n",
    "\n",
    "    lst = Atom_cutoff*[Id_Spin]\n",
    "    XX = reduce(kron, lst)\n",
    "\n",
    "\n",
    "\n",
    "    def A_i_tensor(A_op,i_index):\n",
    "\n",
    "        Array_id=Atom_cutoff*[Id_Spin] \n",
    "\n",
    "        Array_id[i_index]=A_op\n",
    "\n",
    "        return reduce(kron, Array_id)\n",
    "\n",
    "\n",
    "\n",
    "\n",
    "    #Not needed, just for reference\n",
    "\n",
    "    def tensor_kjXYZ2( k , j):   #tensor among k,j are Positions in the cluster after the G classification\n",
    "                             #k is +sigma and j is -sigma\n",
    "\n",
    "        Array_idX   = Atom_cutoff*[Id_Spin]   \n",
    "        Array_idX[k]= Sx_sp\n",
    "        Array_idX[j]= Sx_sp\n",
    "\n",
    "        Array_idY   = Atom_cutoff*[Id_Spin]\n",
    "        Array_idY[k]= Sy_sp\n",
    "        Array_idY[j]= Sy_sp\n",
    "\n",
    "        Array_idZ   = Atom_cutoff*[Id_Spin]\n",
    "        Array_idZ[k]= Sz_sp\n",
    "        Array_idZ[j]= Sz_sp\n",
    "\n",
    "        return reduce(kron, Array_idX),reduce(kron, Array_idY),reduce(kron, Array_idZ) \n",
    "\n",
    "\n",
    "\n",
    "\n",
    "    def tensor_termIntact( k , j):   #tensor among k,j are Positions in the cluster after the G classification\n",
    "                             #k is +sigma and j is -sigma\n",
    "\n",
    "        Array_idX   = Atom_cutoff*[Id_Spin]   \n",
    "        Array_idX[k]= Sx_sp\n",
    "        Array_idX[j]= Sx_sp\n",
    "\n",
    "        Array_idY   = Atom_cutoff*[Id_Spin]\n",
    "        Array_idY[k]= Sy_sp\n",
    "        Array_idY[j]= Sy_sp\n",
    "\n",
    "        Array_idZ   = Atom_cutoff*[Id_Spin]\n",
    "        Array_idZ[k]= Sz_sp\n",
    "        Array_idZ[j]= Sz_sp\n",
    "\n",
    "        return reduce(kron, Array_idZ)-IsingZ*0.5*( reduce(kron, Array_idX)+reduce(kron, Array_idY) ) \n",
    "\n",
    "\n",
    "\n",
    "\n",
    "\n",
    "\n",
    "    # I will use them for constructing covariances matrices\n",
    "\n",
    "    def tensor_kjXX( k , j):   #tensor among k,j are Positions in the cluster after the G classification\n",
    "                             #k is +sigma and j is -sigma \n",
    "        Array_id=Atom_cutoff*[Id_Spin]  \n",
    "\n",
    "        Array_id[k]=Sx_sp\n",
    "        Array_id[j]=Sx_sp\n",
    "\n",
    "        return reduce(kron, Array_id)\n",
    "\n",
    "\n",
    "\n",
    "    def tensor_kjYY( k , j):   #tensor among k,j are Positions in the cluster after the G classification\n",
    "                             #k is +sigma and j is -sigma \n",
    "        Array_id=Atom_cutoff*[Id_Spin]  \n",
    "\n",
    "        Array_id[k]=Sy_sp\n",
    "        Array_id[j]=Sy_sp\n",
    "\n",
    "        return reduce(kron, Array_id)\n",
    "\n",
    "\n",
    "\n",
    "    def tensor_kjZZ( k , j):   #tensor among k,j are Positions in the cluster after the G classification\n",
    "                             #k is +sigma and j is -sigma \n",
    "        Array_id=Atom_cutoff*[Id_Spin]  \n",
    "\n",
    "        Array_id[k]=Sz_sp\n",
    "        Array_id[j]=Sz_sp\n",
    "\n",
    "        return reduce(kron, Array_id)\n",
    "\n",
    "\n",
    "\n",
    "    Sz_cuad=Sz_sp@Sz_sp\n",
    "\n",
    "\n",
    "\n",
    "\n",
    "    Omega_y=0\n",
    "\n",
    "\n",
    "    # In[ ]:\n",
    "\n",
    "\n",
    "    def tensor_k_Zcuad( k ):  #Excited state k is a Position in the cluster after the G classification\n",
    "\n",
    "        Array_id=Atom_cutoff*[Id_Spin]  \n",
    "\n",
    "        Array_id[k]=Sz_cuad\n",
    "\n",
    "        return reduce(kron, Array_id)\n",
    "\n",
    "\n",
    "    # Construct a vector with |C_i| elements equal to A_i_tensor(Sz_cuad,j)\n",
    "\n",
    "    Sz_cuad_array=Zero_Tensor\n",
    "\n",
    "\n",
    "    for j in range(Atom_cutoff):\n",
    "\n",
    "        Sz_cuad_array+= B_Q* A_i_tensor(Sz_cuad,j)+ Omega_y*A_i_tensor(Sy_sp,j)\n",
    "\n",
    "    #Sz_cuad_array=Sz_cuad_array+ Omega_y*A_i_tensor(Sy_sp,0)  # + A_i_tensor(Sy_sp,0)\n",
    "\n",
    "\n",
    "\n",
    "    def Hamilt_ic(index_center):\n",
    "\n",
    "        Index_list=Index_N[index_center]\n",
    "        Hamil=Sz_cuad_array\n",
    "\n",
    "\n",
    "        for j in range(Atom_cutoff):\n",
    "\n",
    "            IL_j   = Index_list[j]\n",
    "\n",
    "            for k in range(j+1,Atom_cutoff):\n",
    "\n",
    "\n",
    "                IL_k   = Index_list[k]\n",
    "\n",
    "                Ten_jk = tensor_termIntact( j , k)\n",
    "\n",
    "\n",
    "                Hamil=Hamil+ Vij[IL_j,IL_k]*Ten_jk\n",
    "\n",
    "                #print(j,k,\"IndexN\", IL_j,IL_k)\n",
    "\n",
    "\n",
    "        return  Hamil\n",
    "\n",
    "\n",
    "    def f(t, yR,M_vect,b):\n",
    "\n",
    "        return -1j*M_vect@yR\n",
    "\n",
    "\n",
    "\n",
    "    import numpy as np\n",
    "    #from google.colab import files\n",
    "\n",
    "    \"\"\"In order to provide a better presentation of the graphs we use the rcParams options shown below.\"\"\"\n",
    "\n",
    "\n",
    "    from numpy import cos, sin\n",
    "\n",
    "    label_size = 20\n",
    "\n",
    "    from numpy import sqrt\n",
    "\n",
    "    import time\n",
    "    from numpy import sin, cos\n",
    "\n",
    "    T0=time.time()\n",
    "\n",
    "\n",
    "    # In[ ]:\n",
    "\n",
    "\n",
    "    Zeeman_Operators=[]\n",
    "\n",
    "\n",
    "\n",
    "\n",
    "\n",
    "    ListVal=[]\n",
    "\n",
    "\n",
    "    ValuesSpn=np.linspace(-S_spin,S_spin,int(2*S_spin+1))\n",
    "\n",
    "\n",
    "    ValuesSpn\n",
    "\n",
    "    for j in range(len(ValuesSpn)):\n",
    "\n",
    "        Zeeman_Operators.append(A_i_tensor(Zeeman_Popul( ValuesSpn[j]),0))\n",
    "\n",
    "\n",
    "\n",
    "    # In[ ]:\n",
    "\n",
    "    tspan=np.linspace(0,2.08,100)\n",
    "\n",
    "\n",
    "\n",
    "    from scipy.integrate import solve_ivp\n",
    "\n",
    "\n",
    "    T_init=tspan[0]\n",
    "\n",
    "    T_fin =tspan[-1]\n",
    "\n",
    "\n",
    "\n",
    "\n",
    "    #MACE method\n",
    "\n",
    "\n",
    "    from scipy.integrate import solve_ivp\n",
    "\n",
    "\n",
    "    def Dynam_Popul_CI(index_center):\n",
    "\n",
    "        Populations=np.zeros((Levels,len(tspan)))\n",
    "\n",
    "\n",
    "        #sol = solve_ivp(f, [tspan[0], tspan[-1]], list(Init_Total_rot.toarray().T[0]),args=(Hamilt_ic(index_center),None),dense_output=True )\n",
    "        sol = solve_ivp(f, [T_init, T_fin], list(Init_Total_rot.toarray().T[0]),args=(Hamilt_ic(index_center),None),dense_output=True)\n",
    "\n",
    "        Sol_dense=sol.sol(tspan)\n",
    "\n",
    "\n",
    "        for j in range(Levels):\n",
    "\n",
    "            Populations[j]=real((diag((conj(Sol_dense.T)@(Zeeman_Operators[j]@Sol_dense)))))\n",
    "\n",
    "\n",
    "        return Populations\n",
    "\n",
    "\n",
    "\n",
    "\n",
    "    Populat_Fin=np.zeros((Levels,len(tspan)))\n",
    "\n",
    "\n",
    "\n",
    "    OperX=[]\n",
    "    OperY=[]\n",
    "    OperZ=[]\n",
    "\n",
    "\n",
    "    for j in range(Atom_cutoff):\n",
    "\n",
    "\n",
    "        OperX.append( A_i_tensor(Sx_sp,j) )\n",
    "        OperY.append( A_i_tensor(Sy_sp,j) )\n",
    "        OperZ.append( A_i_tensor(Sz_sp,j) )\n",
    "\n",
    "\n",
    "\n",
    "\n",
    "\n",
    "    #CorrT2=N_atom*(S_spin/2-VarL)\n",
    "    #CorrT3=N_atom*(S_spin/2-VarL)\n",
    "    #CorrT4=N_atom*(S_spin/2-VarL)\n",
    "    #CorrT5=N_atom*(S_spin/2-VarL)\n",
    "    #CorrT6=S_spin/2-VarL\n",
    "\n",
    "    #(Vij@Mean_Val_XYZ)\n",
    "\n",
    "\n",
    "\n",
    "\n",
    "\n",
    "\n",
    "\n",
    "\n",
    "    number_parts=len(tspan)\n",
    "\n",
    "\n",
    "    index_parts=int(len(tspan)/number_parts)\n",
    "\n",
    "    tnew=[0]\n",
    "\n",
    "    for tind_ in range(len(tspan)-1):\n",
    "\n",
    "        Time_pos=int((tind_+1)//index_parts)\n",
    "\n",
    "        if (tind_+1)%index_parts==0:\n",
    "\n",
    "            tnew.append(tspan[tind_+1])\n",
    "\n",
    "    tnew=array(tnew)\n",
    "    \n",
    "    #print(Vij[0,1],\"here\")\n",
    "\n",
    "\n",
    "\n",
    "\n",
    "\n",
    "    def Hamilt_ic_MACE(index_center):\n",
    "\n",
    "        Index_list=Index_N[index_center]\n",
    "        Hamil=Sz_cuad_array\n",
    "\n",
    "\n",
    "        for j in range(Atom_cutoff):\n",
    "\n",
    "            IL_j   = Index_list[j]\n",
    "\n",
    "            for k in range(j+1,Atom_cutoff):\n",
    "\n",
    "\n",
    "                IL_k   = Index_list[k]\n",
    "\n",
    "                Hamil=Hamil+ Vij[IL_j,IL_k]*(tensor_termIntact( j , k) )\n",
    "\n",
    "                #print(j,k,\"IndexN\", IL_j,IL_k)\n",
    "\n",
    "\n",
    "        return  Hamil\n",
    "\n",
    "\n",
    "\n",
    "\n",
    "\n",
    "\n",
    "\n",
    "    # Wavefunction saving\n",
    "\n",
    "    Wave_function=np.zeros((Levels**Atom_cutoff,N_atom),dtype=\"complex\")\n",
    "\n",
    "\n",
    "\n",
    "    for j in range(N_atom):    \n",
    "        Wave_function[:,j]=Init_Total_rot.toarray().reshape(Levels**Atom_cutoff,)   #Not sparse structure because the state is not sparse\n",
    "\n",
    "\n",
    "    # Set mean values\n",
    "    \n",
    "    Mean_Val_XYZ=np.zeros((N_atom,3*len(tspan)),dtype=\"complex\")\n",
    "    Vj_dot_MV_XYZ=np.zeros((N_atom,3*len(tspan)),dtype=\"complex\")\n",
    "    \n",
    "    \n",
    "    if TWA==1:\n",
    "        \n",
    "        Mean_Val_XYZ_0=Initial_Values_GDTWA()\n",
    "        \n",
    "    else:\n",
    "        \n",
    "\n",
    "        \n",
    "        #tspan\n",
    "        #Vj_dot_MV_XYZ=Vij@Mean_Val_XYZ\n",
    "        \n",
    "\n",
    "        Mean_Val_XYZ_0     =  np.zeros((N_atom,3),dtype=\"complex\")\n",
    "        Mean_Val_XYZ_0[:,0]=diag(conj(Wave_function.T)@(OperX[0]@Wave_function))\n",
    "        Mean_Val_XYZ_0[:,1]=diag(conj(Wave_function.T)@(OperY[0]@Wave_function))\n",
    "        Mean_Val_XYZ_0[:,2]=diag(conj(Wave_function.T)@(OperZ[0]@Wave_function))\n",
    "\n",
    "    #Mean_Val_XYZ_0=Initial_Values_GDTWA() #\n",
    "    Vj_dot_MV_XYZ_0    =Vij@Mean_Val_XYZ_0\n",
    "    \n",
    "    #print(Vij[0,1],\"here\")\n",
    "\n",
    "    Mean_Val_XYZ[:,array([0,1,2])]=Mean_Val_XYZ_0\n",
    "    Vj_dot_MV_XYZ[:,array([0,1,2])]=Vj_dot_MV_XYZ_0\n",
    "\n",
    "\n",
    "\n",
    "    Popul_CMFT=np.zeros((int(2*S_spin+1),len(tnew)+1),dtype=complex)\n",
    "\n",
    "\n",
    "\n",
    "\n",
    "\n",
    "    for j in range(int(2*S_spin+1)):\n",
    "        Popul_CMFT[j,0]=sum(diag(conj(Wave_function.T)@(Zeeman_Operators[j]@Wave_function))) /N_atom\n",
    "\n",
    "\n",
    "\n",
    "    ### Covariance Matrices\n",
    "\n",
    "\n",
    "    Cov_X_mat=[]\n",
    "    Cov_Y_mat=[]\n",
    "    Cov_Z_mat=[]\n",
    "\n",
    "\n",
    "    for jva in range(Atom_cutoff):\n",
    "\n",
    "        if jva==0:\n",
    "\n",
    "            Cov_X_mat.append( A_i_tensor(Sx_sp,0)@A_i_tensor(Sx_sp,0)  )\n",
    "            Cov_Y_mat.append( A_i_tensor(Sy_sp,0)@A_i_tensor(Sy_sp,0)   )\n",
    "            Cov_Z_mat.append( A_i_tensor(Sz_sp,0)@A_i_tensor(Sz_sp,0)   )\n",
    "\n",
    "        else:\n",
    "\n",
    "            Cov_X_mat.append( tensor_kjXX(0,jva)  )\n",
    "            Cov_Y_mat.append( tensor_kjYY(0,jva)  )\n",
    "            Cov_Z_mat.append( tensor_kjZZ(0,jva)  )\n",
    "\n",
    "\n",
    "\n",
    "\n",
    "\n",
    "\n",
    "\n",
    "    #@jit\n",
    "    def Hamilt_ic_CMFT(index_center,tindector):\n",
    "\n",
    "        Index_list=Index_N[index_center]\n",
    "        HamilCMFT_=Zero_Tensor\n",
    "\n",
    "        x_ind=0+3*tindector\n",
    "        y_ind=1+3*tindector\n",
    "        z_ind=2+3*tindector\n",
    "\n",
    "\n",
    "        Vij_Vals_XYZ =Vj_dot_MV_XYZ[:,[x_ind,y_ind,z_ind]]\n",
    "        Vals_XYZ     =Mean_Val_XYZ[:,[x_ind,y_ind,z_ind]]\n",
    "\n",
    "\n",
    "        #Part_XX=Zero_Tensor\n",
    "\n",
    "        for j in range(Atom_cutoff):\n",
    "\n",
    "            IL_j   = Index_list[j]\n",
    "\n",
    "\n",
    "            VjX,VjY,VjZ=Vij_Vals_XYZ[IL_j]\n",
    "\n",
    "            hat_Sxj=OperX[j]\n",
    "            hat_Syj=OperY[j]\n",
    "            hat_Szj=OperZ[j]\n",
    "\n",
    "            HamilCMFT_=HamilCMFT_+ (VjZ*hat_Szj - 0.5*IsingZ*( VjX * hat_Sxj + VjY * hat_Syj   ) )\n",
    "\n",
    "            #Part_XX=Part_XX- 0.5*VjX*hat_Sxj\n",
    "\n",
    "\n",
    "            for k in range(Atom_cutoff):\n",
    "\n",
    "                IL_k   = Index_list[k]\n",
    "\n",
    "                sxk,syk,szk = Vals_XYZ[IL_k] \n",
    "\n",
    "                MF_termJK = szk*hat_Szj - 0.5 * ( sxk * hat_Sxj + syk * hat_Syj )*IsingZ\n",
    "\n",
    "                HamilCMFT_=HamilCMFT_ - Vij[IL_j,IL_k]*   MF_termJK  \n",
    "\n",
    "                #print(j,k,\"IndexN\", IL_j,IL_k)\n",
    "\n",
    "                #Part_XX= Part_XX- Vij[IL_j,IL_k]*(- 0.5 *sxk*hat_Sxj)\n",
    "\n",
    "        return  HamilCMFT_#, Part_XX\n",
    "\n",
    "\n",
    "\n",
    "\n",
    "    def Wave_func_part(Wave_fun_mt,inst_time):\n",
    "\n",
    "        Result_fin=Wave_fun_mt\n",
    "\n",
    "\n",
    "        for cent_ind in range(N_atom):\n",
    "\n",
    "\n",
    "            #Mat_dyn=Time_ind_hamil[cent_ind]   #+Part_time_dep(cent_ind,inst_time)\n",
    "\n",
    "            Mat_dyn=Hamilt_ic_MACE(cent_ind)+ Hamilt_ic_CMFT(cent_ind,inst_time)\n",
    "\n",
    "\n",
    "            sol_cent_ind = solve_ivp(f,[tspan[inst_time],tspan[inst_time+1]],list(Wave_fun_mt[:,cent_ind])\n",
    "                                     ,args=(Mat_dyn,None),dense_output=False)# , t_eval= [tspan[inst_time+1]])\n",
    "\n",
    "\n",
    "\n",
    "            Result_fin[:,cent_ind]=((sol_cent_ind.y)[:,-1]).reshape((Levels**Atom_cutoff,))\n",
    "\n",
    "            #print(cent_ind)\n",
    "            #print(cent_ind/N_atom)\n",
    "\n",
    "        return Result_fin\n",
    "\n",
    "\n",
    "\n",
    "\n",
    "    Corr_summ_XX=[]\n",
    "    Corr_summ_YY=[]\n",
    "    Corr_summ_ZZ=[]\n",
    "\n",
    "    Corr_X_matr=np.zeros((N_atom,N_atom),dtype=\"complex\")\n",
    "    Corr_Y_matr=np.zeros((N_atom,N_atom),dtype=\"complex\")\n",
    "    Corr_Z_matr=np.zeros((N_atom,N_atom),dtype=\"complex\")\n",
    "\n",
    "\n",
    "\n",
    "    for icor in range( N_atom ):\n",
    "\n",
    "        Wave_i=(Wave_function[:,icor]).reshape((int(2*S_spin+1))**Atom_cutoff,1)\n",
    "\n",
    "        for jcor in range(Atom_cutoff):\n",
    "\n",
    "            #print(icor,Index_N[icor][jcor], \"inti\")\n",
    "\n",
